{
  "nbformat": 4,
  "nbformat_minor": 0,
  "metadata": {
    "colab": {
      "provenance": []
    },
    "kernelspec": {
      "name": "python3",
      "display_name": "Python 3"
    },
    "language_info": {
      "name": "python"
    }
  },
  "cells": [
    {
      "cell_type": "markdown",
      "source": [
        "**SVD** **Decomposition**"
      ],
      "metadata": {
        "id": "UotO6eTM1Rg4"
      }
    },
    {
      "cell_type": "code",
      "execution_count": 3,
      "metadata": {
        "colab": {
          "base_uri": "https://localhost:8080/"
        },
        "id": "VfnLNUgNxgQz",
        "outputId": "71af828d-e04f-4a08-833a-0c35aa1eaf63"
      },
      "outputs": [
        {
          "output_type": "stream",
          "name": "stdout",
          "text": [
            "[[9 3 4 0 9]\n",
            " [1 9 1 4 1]\n",
            " [8 2 4 2 5]\n",
            " [9 6 2 5 5]\n",
            " [1 4 5 0 2]]\n"
          ]
        }
      ],
      "source": [
        "import numpy as np\n",
        "import sympy as sp\n",
        "np.random.seed(6)\n",
        "A = np.random.randint(0,10,(5,5))\n",
        "print(A)"
      ]
    },
    {
      "cell_type": "code",
      "source": [
        "sp.Matrix(A)"
      ],
      "metadata": {
        "colab": {
          "base_uri": "https://localhost:8080/",
          "height": 119
        },
        "id": "fwOQw9Udz8MC",
        "outputId": "51c47219-a5ed-4d0d-f86b-9f6b9cefb795"
      },
      "execution_count": 4,
      "outputs": [
        {
          "output_type": "execute_result",
          "data": {
            "text/plain": [
              "Matrix([\n",
              "[9, 3, 4, 0, 9],\n",
              "[1, 9, 1, 4, 1],\n",
              "[8, 2, 4, 2, 5],\n",
              "[9, 6, 2, 5, 5],\n",
              "[1, 4, 5, 0, 2]])"
            ],
            "text/latex": "$\\displaystyle \\left[\\begin{matrix}9 & 3 & 4 & 0 & 9\\\\1 & 9 & 1 & 4 & 1\\\\8 & 2 & 4 & 2 & 5\\\\9 & 6 & 2 & 5 & 5\\\\1 & 4 & 5 & 0 & 2\\end{matrix}\\right]$"
          },
          "metadata": {},
          "execution_count": 4
        }
      ]
    },
    {
      "cell_type": "code",
      "source": [
        "U,S,Vt=np.linalg.svd(A)\n",
        "sp.Matrix(np.round(U))"
      ],
      "metadata": {
        "colab": {
          "base_uri": "https://localhost:8080/",
          "height": 119
        },
        "id": "RLzUXk0gzmMq",
        "outputId": "f1061f1c-eda1-4173-e927-36c550d1b281"
      },
      "execution_count": 5,
      "outputs": [
        {
          "output_type": "execute_result",
          "data": {
            "text/plain": [
              "Matrix([\n",
              "[-1.0,    0,    0, -1.0,    0],\n",
              "[   0, -1.0,    0,    0,    0],\n",
              "[   0,    0,    0,  1.0, -1.0],\n",
              "[-1.0,    0, -1.0,    0,  1.0],\n",
              "[   0,    0,  1.0,    0,    0]])"
            ],
            "text/latex": "$\\displaystyle \\left[\\begin{matrix}-1.0 & 0 & 0 & -1.0 & 0\\\\0 & -1.0 & 0 & 0 & 0\\\\0 & 0 & 0 & 1.0 & -1.0\\\\-1.0 & 0 & -1.0 & 0 & 1.0\\\\0 & 0 & 1.0 & 0 & 0\\end{matrix}\\right]$"
          },
          "metadata": {},
          "execution_count": 5
        }
      ]
    },
    {
      "cell_type": "code",
      "source": [
        "sp.Matrix(U)"
      ],
      "metadata": {
        "colab": {
          "base_uri": "https://localhost:8080/",
          "height": 119
        },
        "id": "ciOjvfVs0szx",
        "outputId": "178aaee9-9942-4aa9-9dfe-2ce748eba5ee"
      },
      "execution_count": 10,
      "outputs": [
        {
          "output_type": "execute_result",
          "data": {
            "text/plain": [
              "Matrix([\n",
              "[-0.580219066352003,   0.43197177776287,  0.231179166749316, -0.650616566181264, -0.000703512323333576],\n",
              "[-0.278177836817813,  -0.82627553261251, 0.0353110228147489, -0.287546670453895,     -0.39491249573536],\n",
              "[-0.461238589606887,  0.256857749729317, -0.040245312923446,  0.568251708927458,     -0.62988361619442],\n",
              "[-0.570236624234252, -0.172284112166233, -0.532285541001728,  0.204404522548141,     0.565720134942519],\n",
              "[-0.219207851101064, -0.187113357410377,  0.812626446872768,  0.359616160071084,      0.35672255991588]])"
            ],
            "text/latex": "$\\displaystyle \\left[\\begin{matrix}-0.580219066352003 & 0.43197177776287 & 0.231179166749316 & -0.650616566181264 & -0.000703512323333576\\\\-0.278177836817813 & -0.82627553261251 & 0.0353110228147489 & -0.287546670453895 & -0.39491249573536\\\\-0.461238589606887 & 0.256857749729317 & -0.040245312923446 & 0.568251708927458 & -0.62988361619442\\\\-0.570236624234252 & -0.172284112166233 & -0.532285541001728 & 0.204404522548141 & 0.565720134942519\\\\-0.219207851101064 & -0.187113357410377 & 0.812626446872768 & 0.359616160071084 & 0.35672255991588\\end{matrix}\\right]$"
          },
          "metadata": {},
          "execution_count": 10
        }
      ]
    },
    {
      "cell_type": "code",
      "source": [
        "sp.Matrix(Vt)"
      ],
      "metadata": {
        "colab": {
          "base_uri": "https://localhost:8080/",
          "height": 119
        },
        "id": "hOgRZJKL017D",
        "outputId": "2405784e-49e9-46b3-c723-dad286f2df1d"
      },
      "execution_count": 11,
      "outputs": [
        {
          "output_type": "execute_result",
          "data": {
            "text/plain": [
              "Matrix([\n",
              "[ -0.65513477867915, -0.426426851264703, -0.300978099900382, -0.220146132570479, -0.499906417222373],\n",
              "[ 0.356646631562264, -0.782083953824934,  0.068497733976923, -0.385584986853572,   0.32829886950461],\n",
              "[-0.414945352759924,  0.187646226319949,  0.721525786953337, -0.494114645241077,  0.166914661101045],\n",
              "[ 0.229448498634881, -0.281345115002441,  0.605798279336892,  0.384210634282013, -0.594633455160014],\n",
              "[ 0.467734265002526,  0.303543488980037, -0.130878674100141, -0.641165192513044, -0.510748447100794]])"
            ],
            "text/latex": "$\\displaystyle \\left[\\begin{matrix}-0.65513477867915 & -0.426426851264703 & -0.300978099900382 & -0.220146132570479 & -0.499906417222373\\\\0.356646631562264 & -0.782083953824934 & 0.068497733976923 & -0.385584986853572 & 0.32829886950461\\\\-0.414945352759924 & 0.187646226319949 & 0.721525786953337 & -0.494114645241077 & 0.166914661101045\\\\0.229448498634881 & -0.281345115002441 & 0.605798279336892 & 0.384210634282013 & -0.594633455160014\\\\0.467734265002526 & 0.303543488980037 & -0.130878674100141 & -0.641165192513044 & -0.510748447100794\\end{matrix}\\right]$"
          },
          "metadata": {},
          "execution_count": 11
        }
      ]
    },
    {
      "cell_type": "code",
      "source": [
        "Sigma=np.zeros((A.shape[0],A.shape[1]))"
      ],
      "metadata": {
        "id": "k7pcG5kH0DYu"
      },
      "execution_count": 7,
      "outputs": []
    },
    {
      "cell_type": "code",
      "source": [
        "Sigma[:A.shape[1],:A.shape[0]]=np.diag(S)\n",
        "sp.Matrix(Sigma)"
      ],
      "metadata": {
        "colab": {
          "base_uri": "https://localhost:8080/",
          "height": 119
        },
        "id": "1-Cn3X3q0e4m",
        "outputId": "18e66037-5293-493f-a252-4eb33a2a3d0e"
      },
      "execution_count": 8,
      "outputs": [
        {
          "output_type": "execute_result",
          "data": {
            "text/plain": [
              "Matrix([\n",
              "[22.196036744329,                0,                0,                0,                 0],\n",
              "[              0, 9.47341653945084,                0,                0,                 0],\n",
              "[              0,                0, 5.26330126954175,                0,                 0],\n",
              "[              0,                0,                0, 2.62444414289667,                 0],\n",
              "[              0,                0,                0,                0, 0.016870130730725]])"
            ],
            "text/latex": "$\\displaystyle \\left[\\begin{matrix}22.196036744329 & 0 & 0 & 0 & 0\\\\0 & 9.47341653945084 & 0 & 0 & 0\\\\0 & 0 & 5.26330126954175 & 0 & 0\\\\0 & 0 & 0 & 2.62444414289667 & 0\\\\0 & 0 & 0 & 0 & 0.016870130730725\\end{matrix}\\right]$"
          },
          "metadata": {},
          "execution_count": 8
        }
      ]
    },
    {
      "cell_type": "code",
      "source": [
        "U1=U[:,:2]\n",
        "U1=sp.Matrix(U1)\n",
        "U1"
      ],
      "metadata": {
        "colab": {
          "base_uri": "https://localhost:8080/",
          "height": 119
        },
        "id": "JqANqx5C0q0h",
        "outputId": "4cf5a6dd-a406-4b62-a27b-925dcb1b29d2"
      },
      "execution_count": 15,
      "outputs": [
        {
          "output_type": "execute_result",
          "data": {
            "text/plain": [
              "Matrix([\n",
              "[-0.580219066352003,   0.43197177776287],\n",
              "[-0.278177836817813,  -0.82627553261251],\n",
              "[-0.461238589606887,  0.256857749729317],\n",
              "[-0.570236624234252, -0.172284112166233],\n",
              "[-0.219207851101064, -0.187113357410377]])"
            ],
            "text/latex": "$\\displaystyle \\left[\\begin{matrix}-0.580219066352003 & 0.43197177776287\\\\-0.278177836817813 & -0.82627553261251\\\\-0.461238589606887 & 0.256857749729317\\\\-0.570236624234252 & -0.172284112166233\\\\-0.219207851101064 & -0.187113357410377\\end{matrix}\\right]$"
          },
          "metadata": {},
          "execution_count": 15
        }
      ]
    },
    {
      "cell_type": "code",
      "source": [
        "Vt1=Vt[:2,:]\n",
        "Vt1=sp.Matrix(Vt1)\n",
        "Vt1"
      ],
      "metadata": {
        "colab": {
          "base_uri": "https://localhost:8080/",
          "height": 58
        },
        "id": "KDtEYrUI1jDc",
        "outputId": "5bb669b7-5a6c-4a13-ded2-dc36f407c237"
      },
      "execution_count": 16,
      "outputs": [
        {
          "output_type": "execute_result",
          "data": {
            "text/plain": [
              "Matrix([\n",
              "[-0.65513477867915, -0.426426851264703, -0.300978099900382, -0.220146132570479, -0.499906417222373],\n",
              "[0.356646631562264, -0.782083953824934,  0.068497733976923, -0.385584986853572,   0.32829886950461]])"
            ],
            "text/latex": "$\\displaystyle \\left[\\begin{matrix}-0.65513477867915 & -0.426426851264703 & -0.300978099900382 & -0.220146132570479 & -0.499906417222373\\\\0.356646631562264 & -0.782083953824934 & 0.068497733976923 & -0.385584986853572 & 0.32829886950461\\end{matrix}\\right]$"
          },
          "metadata": {},
          "execution_count": 16
        }
      ]
    },
    {
      "cell_type": "code",
      "source": [
        "Sig1=Sigma[:2,:2]\n",
        "Sig1=sp.Matrix(Sig1)\n",
        "Sig1"
      ],
      "metadata": {
        "colab": {
          "base_uri": "https://localhost:8080/",
          "height": 58
        },
        "id": "aVzZmTPq1vZ8",
        "outputId": "c60b9b36-3d10-4d39-e6b2-896449454069"
      },
      "execution_count": 17,
      "outputs": [
        {
          "output_type": "execute_result",
          "data": {
            "text/plain": [
              "Matrix([\n",
              "[22.196036744329,                0],\n",
              "[              0, 9.47341653945084]])"
            ],
            "text/latex": "$\\displaystyle \\left[\\begin{matrix}22.196036744329 & 0\\\\0 & 9.47341653945084\\end{matrix}\\right]$"
          },
          "metadata": {},
          "execution_count": 17
        }
      ]
    },
    {
      "cell_type": "code",
      "source": [
        "A2=U1@Sig1@Vt1\n",
        "print('Rank 2 Aproximation of A')\n",
        "A2"
      ],
      "metadata": {
        "colab": {
          "base_uri": "https://localhost:8080/",
          "height": 136
        },
        "id": "qWjnJNzg1z0R",
        "outputId": "2f67db4e-c7a5-459d-a443-d06811184a87"
      },
      "execution_count": 19,
      "outputs": [
        {
          "output_type": "stream",
          "name": "stdout",
          "text": [
            "Rank 2 Aproximation of A\n"
          ]
        },
        {
          "output_type": "execute_result",
          "data": {
            "text/plain": [
              "Matrix([\n",
              "[9.89668166313211, 2.29128342180654, 4.15647539171763, 1.25725637877544,  7.78155723036068],\n",
              "[1.25338815320509, 8.75483060496993, 1.32219642606634, 4.37750550278692, 0.516835522061125],\n",
              "[7.57488835034235, 2.46255593867026, 3.24799100474176, 1.31553133157345,  5.91673262631509],\n",
              "[7.70994655013731, 6.67373590291119, 3.69768125911374, 3.41570871707106,  5.79148918130219],\n",
              "[2.55539527713573, 3.46112344150211, 1.34300337157354, 1.75462004619859,  1.85037394051619]])"
            ],
            "text/latex": "$\\displaystyle \\left[\\begin{matrix}9.89668166313211 & 2.29128342180654 & 4.15647539171763 & 1.25725637877544 & 7.78155723036068\\\\1.25338815320509 & 8.75483060496993 & 1.32219642606634 & 4.37750550278692 & 0.516835522061125\\\\7.57488835034235 & 2.46255593867026 & 3.24799100474176 & 1.31553133157345 & 5.91673262631509\\\\7.70994655013731 & 6.67373590291119 & 3.69768125911374 & 3.41570871707106 & 5.79148918130219\\\\2.55539527713573 & 3.46112344150211 & 1.34300337157354 & 1.75462004619859 & 1.85037394051619\\end{matrix}\\right]$"
          },
          "metadata": {},
          "execution_count": 19
        }
      ]
    },
    {
      "cell_type": "code",
      "source": [
        "U2=U[:,:3]\n",
        "U2=sp.Matrix(U1)\n",
        "U2"
      ],
      "metadata": {
        "colab": {
          "base_uri": "https://localhost:8080/",
          "height": 119
        },
        "id": "-FrRf4X52HAF",
        "outputId": "7b4793dc-5946-4f73-abdc-2e015db91ff2"
      },
      "execution_count": 20,
      "outputs": [
        {
          "output_type": "execute_result",
          "data": {
            "text/plain": [
              "Matrix([\n",
              "[-0.580219066352003,   0.43197177776287],\n",
              "[-0.278177836817813,  -0.82627553261251],\n",
              "[-0.461238589606887,  0.256857749729317],\n",
              "[-0.570236624234252, -0.172284112166233],\n",
              "[-0.219207851101064, -0.187113357410377]])"
            ],
            "text/latex": "$\\displaystyle \\left[\\begin{matrix}-0.580219066352003 & 0.43197177776287\\\\-0.278177836817813 & -0.82627553261251\\\\-0.461238589606887 & 0.256857749729317\\\\-0.570236624234252 & -0.172284112166233\\\\-0.219207851101064 & -0.187113357410377\\end{matrix}\\right]$"
          },
          "metadata": {},
          "execution_count": 20
        }
      ]
    },
    {
      "cell_type": "code",
      "source": [
        "Vt2=Vt[:3,:]\n",
        "Vt2=sp.Matrix(Vt2)\n",
        "Vt2"
      ],
      "metadata": {
        "colab": {
          "base_uri": "https://localhost:8080/",
          "height": 78
        },
        "id": "MfhNfEEB2fdg",
        "outputId": "89233947-ab81-4841-b264-ff2f584ef740"
      },
      "execution_count": 21,
      "outputs": [
        {
          "output_type": "execute_result",
          "data": {
            "text/plain": [
              "Matrix([\n",
              "[ -0.65513477867915, -0.426426851264703, -0.300978099900382, -0.220146132570479, -0.499906417222373],\n",
              "[ 0.356646631562264, -0.782083953824934,  0.068497733976923, -0.385584986853572,   0.32829886950461],\n",
              "[-0.414945352759924,  0.187646226319949,  0.721525786953337, -0.494114645241077,  0.166914661101045]])"
            ],
            "text/latex": "$\\displaystyle \\left[\\begin{matrix}-0.65513477867915 & -0.426426851264703 & -0.300978099900382 & -0.220146132570479 & -0.499906417222373\\\\0.356646631562264 & -0.782083953824934 & 0.068497733976923 & -0.385584986853572 & 0.32829886950461\\\\-0.414945352759924 & 0.187646226319949 & 0.721525786953337 & -0.494114645241077 & 0.166914661101045\\end{matrix}\\right]$"
          },
          "metadata": {},
          "execution_count": 21
        }
      ]
    },
    {
      "cell_type": "code",
      "source": [
        "Sig2=Sigma[:3,:3]\n",
        "Sig2=sp.Matrix(Sig2)\n",
        "Sig2"
      ],
      "metadata": {
        "colab": {
          "base_uri": "https://localhost:8080/",
          "height": 78
        },
        "id": "qgY_0F6F2fZ8",
        "outputId": "7efdd88f-f919-457b-a22b-b7c28a1710a1"
      },
      "execution_count": 22,
      "outputs": [
        {
          "output_type": "execute_result",
          "data": {
            "text/plain": [
              "Matrix([\n",
              "[22.196036744329,                0,                0],\n",
              "[              0, 9.47341653945084,                0],\n",
              "[              0,                0, 5.26330126954175]])"
            ],
            "text/latex": "$\\displaystyle \\left[\\begin{matrix}22.196036744329 & 0 & 0\\\\0 & 9.47341653945084 & 0\\\\0 & 0 & 5.26330126954175\\end{matrix}\\right]$"
          },
          "metadata": {},
          "execution_count": 22
        }
      ]
    },
    {
      "cell_type": "code",
      "source": [
        "A3=U1@Sig1@Vt1\n",
        "print('Rank 3 Aproximation of A')\n",
        "A3"
      ],
      "metadata": {
        "colab": {
          "base_uri": "https://localhost:8080/",
          "height": 136
        },
        "id": "8liBKqeu2fWH",
        "outputId": "267a0394-94f1-4731-a08e-6db11e2fc42c"
      },
      "execution_count": 23,
      "outputs": [
        {
          "output_type": "stream",
          "name": "stdout",
          "text": [
            "Rank 3 Aproximation of A\n"
          ]
        },
        {
          "output_type": "execute_result",
          "data": {
            "text/plain": [
              "Matrix([\n",
              "[9.89668166313211, 2.29128342180654, 4.15647539171763, 1.25725637877544,  7.78155723036068],\n",
              "[1.25338815320509, 8.75483060496993, 1.32219642606634, 4.37750550278692, 0.516835522061125],\n",
              "[7.57488835034235, 2.46255593867026, 3.24799100474176, 1.31553133157345,  5.91673262631509],\n",
              "[7.70994655013731, 6.67373590291119, 3.69768125911374, 3.41570871707106,  5.79148918130219],\n",
              "[2.55539527713573, 3.46112344150211, 1.34300337157354, 1.75462004619859,  1.85037394051619]])"
            ],
            "text/latex": "$\\displaystyle \\left[\\begin{matrix}9.89668166313211 & 2.29128342180654 & 4.15647539171763 & 1.25725637877544 & 7.78155723036068\\\\1.25338815320509 & 8.75483060496993 & 1.32219642606634 & 4.37750550278692 & 0.516835522061125\\\\7.57488835034235 & 2.46255593867026 & 3.24799100474176 & 1.31553133157345 & 5.91673262631509\\\\7.70994655013731 & 6.67373590291119 & 3.69768125911374 & 3.41570871707106 & 5.79148918130219\\\\2.55539527713573 & 3.46112344150211 & 1.34300337157354 & 1.75462004619859 & 1.85037394051619\\end{matrix}\\right]$"
          },
          "metadata": {},
          "execution_count": 23
        }
      ]
    },
    {
      "cell_type": "code",
      "source": [],
      "metadata": {
        "id": "O4VF_lCp26gd"
      },
      "execution_count": null,
      "outputs": []
    }
  ]
}